,cd_short_title,cd_tot_bldgs,cd_tot_resunits,count_hosp_clinic,count_libraries,count_parks,count_public_schools,crime_per_1000,female_10_14,female_15_19,female_20_24,female_25_29,female_30_34,female_35_39,female_40_44,female_45_49,female_5_9,female_50_54,female_55_59,female_60_64,female_65_69,female_70_74,female_75_79,female_80_84,female_85_over,female_under_5,lots_commercial_office,lots_industrial_manufacturing,lots_mixed_use,lots_open_space,lots_other_no_data,lots_parking,lots_public_facility_institution,lots_res_1_2_family_bldg,lots_res_multifamily_elevator,lots_res_multifamily_walkup,lots_total,lots_transportation_utility,lots_vacant,male_10_14,male_15_19,male_20_24,male_25_29,male_30_34,male_35_39,male_40_44,male_45_49,male_5_9,male_50_54,male_55_59,male_60_64,male_65_69,male_70_74,male_75_79,male_80_84,male_85_over,male_under_5,over65_rate,over65_rate_boro,over65_rate_nyc,pct_bach_deg,pct_bach_deg_boro,pct_bach_deg_nyc,pct_clean_strts,pct_hh_rent_burd,pct_hh_rent_burd_boro,pct_hh_rent_burd_nyc,pct_hispanic,pct_black_nh,pct_asian_nh,pct_served_parks,pct_white_nh,pop_2000,pop_2010,pop_change_00_10,poverty_rate,under18_rate,under18_rate_boro,under18_rate_nyc,unemployment_boro
0,Manhattan CD 1,1725,45629,10,2,13,19,6.8,1.1,2.4,3.9,7.2,6.5,4.7,3.6,2.9,1.8,2.3,2.4,2.6,2.4,1.8,1.0,0.7,1.2,2.7,359,4,635,23,17,23,72,34,167,66,1461,36,25,1.4,1.8,2.8,5.7,6.3,5.2,3.6,3.6,1.7,2.7,2.7,2.7,2.0,1.3,0.9,0.7,0.8,2.6,12.8,15.8,14.1,82.2,60.8,37.4,95.4,30.1,36.4,44.2,6.5,2.2,15.5,100,72.2,34420,60978,0.77,8.8,12.7,14.4,20.9,3.8
1,Manhattan CD 2,5256,60610,19,3,6,8,15.0,1.1,2.4,3.9,7.2,6.5,4.7,3.6,2.9,1.8,2.3,2.4,2.6,2.4,1.8,1.0,0.7,1.2,2.7,594,13,1766,29,29,52,173,628,444,921,4725,26,50,1.4,1.8,2.8,5.7,6.3,5.2,3.6,3.6,1.7,2.7,2.7,2.7,2.0,1.3,0.9,0.7,0.8,2.6,12.8,15.8,14.1,82.2,60.8,37.4,96.3,30.1,36.4,44.2,6.5,2.2,15.5,100,72.2,93119,90016,-0.03,8.8,12.7,14.4,20.9,3.8
2,Manhattan CD 3,4644,82557,41,5,13,42,15.2,1.5,2.9,4.2,6.4,4.1,3.2,3.0,3.2,1.2,2.8,3.3,3.4,2.9,2.1,1.6,1.6,2.1,1.5,298,23,2076,124,12,56,276,65,255,926,4259,39,109,1.8,2.5,3.7,6.2,5.6,3.9,2.9,3.3,1.6,3.0,2.8,2.5,2.3,2.0,1.3,1.0,1.0,1.5,17.9,15.8,14.1,43.3,60.8,37.4,91.0,38.4,36.4,44.2,25.1,8.4,30.6,100,33.3,164407,163277,-0.01,19.3,11.4,14.4,20.9,3.8
3,Manhattan CD 4,3829,85706,38,2,7,29,18.1,0.9,1.7,4.0,7.2,6.4,3.8,3.0,2.9,1.0,2.3,2.7,2.7,2.1,2.1,1.4,0.7,0.9,1.8,479,55,1008,25,8,73,163,162,320,960,3417,94,70,0.8,1.1,3.3,7.0,7.2,5.1,4.8,3.9,1.0,3.6,3.7,3.1,2.4,1.4,1.1,0.8,0.6,1.5,13.4,15.8,14.1,74.1,60.8,37.4,95.6,33.9,36.4,44.2,15.5,5.2,17.2,94,59.1,87479,103245,0.18,11.3,8.2,14.4,20.9,3.8
4,Manhattan CD 5,3127,49436,23,7,3,13,29.4,0.9,1.7,4.0,7.2,6.4,3.8,3.0,2.9,1.0,2.3,2.7,2.7,2.1,2.1,1.4,0.7,0.9,1.8,1643,12,780,7,17,38,113,15,186,76,3018,22,109,0.8,1.1,3.3,7.0,7.2,5.1,4.8,3.9,1.0,3.6,3.7,3.1,2.4,1.4,1.1,0.8,0.6,1.5,13.4,15.8,14.1,74.1,60.8,37.4,94.4,33.9,36.4,44.2,15.5,5.2,17.2,95,59.1,44028,51673,0.17,11.3,8.2,14.4,20.9,3.8
5,Manhattan CD 6,3056,100985,48,3,6,16,11.7,1.0,2.0,4.8,8.4,5.4,3.7,3.1,2.5,1.2,2.9,2.6,3.1,3.0,2.7,1.8,1.3,1.7,1.8,319,1,940,37,4,23,209,260,418,498,2812,41,62,1.1,1.3,4.1,7.3,5.7,3.8,2.7,3.0,1.0,2.4,2.9,2.2,2.5,1.9,1.2,1.0,0.9,1.8,18.2,15.8,14.1,80.5,60.8,37.4,96.5,35.1,36.4,44.2,7.3,3.4,16.6,91,69.7,136152,142745,0.05,9.8,8.8,14.4,20.9,3.8
6,Manhattan CD 7,4719,129548,18,4,4,35,9.5,2.1,1.5,2.3,4.4,5.3,4.2,4.1,3.4,2.4,3.5,3.5,3.6,3.8,3.2,1.9,1.3,2.0,2.7,120,4,787,36,1,17,208,475,794,1921,4426,12,51,1.8,1.4,1.2,3.9,4.4,3.4,3.3,3.3,1.7,3.3,2.8,3.0,2.8,2.3,1.1,0.8,1.4,2.8,20.6,15.8,14.1,77.0,60.8,37.4,97.0,31.4,36.4,44.2,14.6,5.4,9.1,100,68.0,207699,209084,0.01,9.2,15.5,14.4,20.9,3.8
7,Manhattan CD 8,5950,151357,40,5,18,20,10.2,1.6,1.1,2.3,7.0,6.9,4.2,3.2,3.3,2.3,3.3,3.0,2.9,3.5,3.0,2.5,1.6,1.8,2.4,260,11,1596,8,15,27,302,1053,953,1184,5520,42,69,1.8,1.3,1.5,3.6,4.7,3.9,2.8,3.0,1.9,3.0,2.7,2.5,2.4,1.9,1.6,1.2,1.4,2.9,20.8,15.8,14.1,80.5,60.8,37.4,97.2,32.5,36.4,44.2,9.7,2.3,10.2,95,75.3,217063,219920,0.01,7.2,14.6,14.4,20.9,3.8
8,Manhattan CD 9,2608,45968,19,3,6,18,11.2,1.8,3.7,6.9,6.8,4.2,3.4,2.6,3.0,2.0,3.2,2.2,2.7,2.1,1.8,1.4,1.3,1.1,2.1,76,16,326,17,4,25,196,379,374,937,2466,25,91,2.3,3.1,5.6,6.6,4.5,3.3,2.4,3.0,2.0,3.1,2.4,2.4,1.6,1.0,0.8,0.7,0.5,2.3,12.4,15.8,14.1,45.4,60.8,37.4,93.6,45.1,36.4,44.2,38.8,21.5,8.8,100,27.6,111724,110193,-0.01,20.7,15.1,14.4,20.9,3.8
9,Manhattan CD 10,4623,61032,39,5,7,22,14.2,2.8,2.5,3.7,5.9,5.5,4.3,3.4,3.5,2.7,3.8,3.2,2.8,2.1,1.6,0.8,1.0,1.4,3.5,117,9,719,61,9,28,275,606,305,2017,4342,14,182,2.4,2.2,3.6,4.9,4.2,3.6,3.5,3.0,2.6,3.7,2.5,2.3,1.4,0.9,0.8,0.2,0.3,3.6,10.4,15.8,14.1,38.6,60.8,37.4,91.3,38.6,36.4,44.2,23.8,55.3,3.4,99,14.2,107109,115723,0.08,20.2,20.4,14.4,20.9,3.8
10,Manhattan CD 11,3267,58245,54,2,14,35,15.5,2.6,3.2,4.0,4.9,4.2,4.3,3.5,3.4,2.5,3.5,3.6,2.9,2.3,1.6,1.7,1.2,1.4,2.8,171,51,824,58,12,119,235,109,223,1029,3108,47,230,3.1,3.1,4.0,5.2,4.3,3.2,2.8,2.4,2.8,3.1,2.4,2.4,1.5,1.0,0.8,0.5,0.7,2.9,12.9,15.8,14.1,31.4,60.8,37.4,91.2,38.3,36.4,44.2,45.6,30.9,7.7,100,13.7,117743,120511,0.02,22.3,20.4,14.4,20.9,3.8
11,Manhattan CD 12,2883,73725,42,3,10,40,9.0,2.1,2.5,3.7,5.5,4.7,3.7,3.0,3.3,2.4,3.0,3.1,3.1,2.5,1.9,1.6,1.0,1.6,2.6,181,11,597,39,5,101,192,163,395,922,2736,54,76,2.4,2.4,3.8,6.0,5.1,3.9,3.3,3.2,2.5,2.8,2.8,2.3,2.0,1.3,1.0,0.6,0.6,2.8,14.1,15.8,14.1,33.3,60.8,37.4,89.8,43.4,36.4,44.2,68.8,7.6,3.0,100,18.9,208414,190020,-0.09,19.6,17.4,14.4,20.9,3.8
12,Bronx CD 1,4327,40392,51,2,3,35,13.9,3.4,3.9,4.0,4.2,4.0,3.7,3.0,3.5,3.9,3.1,2.5,2.0,1.5,1.3,1.1,0.8,0.9,3.3,282,295,531,43,48,196,179,1176,114,836,4017,101,216,4.0,3.9,4.9,4.9,4.4,3.6,2.5,2.8,4.2,3.0,2.5,1.7,0.9,1.0,0.7,0.3,0.2,4.4,8.8,12.1,14.1,10.7,19.8,37.4,90.4,50.3,50.9,44.2,66.8,29.3,0.7,99,2.0,82159,91497,0.11,31.0,27.9,25.1,20.9,6.3
13,Bronx CD 2,3218,20518,29,1,2,15,5.5,3.4,3.9,4.0,4.2,4.0,3.7,3.0,3.5,3.9,3.1,2.5,2.0,1.5,1.3,1.1,0.8,0.9,3.3,113,362,203,35,80,109,103,813,115,760,2996,110,193,4.0,3.9,4.9,4.9,4.4,3.6,2.5,2.8,4.2,3.0,2.5,1.7,0.9,1.0,0.7,0.3,0.2,4.4,8.8,12.1,14.1,10.7,19.8,37.4,92.3,50.3,50.9,44.2,66.8,29.3,0.7,97,2.0,46824,52246,0.12,31.0,27.9,25.1,20.9,6.3
14,Bronx CD 3,3639,35289,38,1,11,43,8.7,3.8,4.2,4.7,4.7,4.0,3.5,3.0,3.3,3.7,3.2,3.0,2.3,1.9,1.6,1.0,0.6,0.6,4.7,122,119,319,50,35,201,207,1201,120,1039,3716,49,254,3.9,4.2,4.4,4.5,2.9,2.5,2.5,2.6,3.9,2.7,2.6,2.1,1.4,0.8,0.8,0.4,0.3,3.9,9.4,12.1,14.1,13.2,19.8,37.4,91.1,50.7,50.9,44.2,63.1,30.7,1.0,100,4.0,68574,79762,0.16,30.3,28.4,25.1,20.9,6.3
15,Bronx CD 4,3327,53482,41,3,9,36,16.6,4.4,3.5,4.0,4.0,3.9,3.4,3.7,3.4,4.2,3.7,3.1,2.6,2.0,1.7,1.1,0.7,0.8,3.4,190,29,336,74,26,140,164,733,305,1101,3377,79,200,3.6,4.1,4.1,3.9,3.6,3.0,3.1,2.9,3.6,2.8,2.7,2.0,1.3,1.0,0.6,0.3,0.4,3.3,9.9,12.1,14.1,15.6,19.8,37.4,92.7,53.9,50.9,44.2,65.7,29.0,1.3,100,2.0,139563,146441,0.05,32.4,27.3,25.1,20.9,6.3
16,Bronx CD 5,3465,51662,47,2,5,29,12.2,3.8,4.1,4.3,4.8,3.8,3.8,3.0,3.6,3.7,3.8,2.8,2.2,1.9,1.3,1.0,0.3,0.4,4.6,218,16,284,60,11,84,136,1146,314,865,3305,35,136,3.7,3.9,4.2,4.5,3.3,3.0,2.4,2.5,4.2,3.5,2.5,1.6,1.3,1.0,0.5,0.3,0.2,4.3,8.2,12.1,14.1,12.3,19.8,37.4,91.9,58.3,50.9,44.2,69.5,26.8,1.2,100,1.1,128313,128200,0.0,35.6,29.1,25.1,20.9,6.3
17,Bronx CD 6,4338,35241,38,3,5,39,7.6,3.8,4.2,4.7,4.7,4.0,3.5,3.0,3.3,3.7,3.2,3.0,2.3,1.9,1.6,1.0,0.6,0.6,4.7,219,73,418,54,26,198,156,1272,152,1311,4165,76,210,3.9,4.2,4.4,4.5,2.9,2.5,2.5,2.6,3.9,2.7,2.6,2.1,1.4,0.8,0.8,0.4,0.3,3.9,9.4,12.1,14.1,13.2,19.8,37.4,91.9,50.7,50.9,44.2,63.1,30.7,1.0,99,4.0,75688,83268,0.1,30.3,28.4,25.1,20.9,6.3
18,Bronx CD 7,4056,52909,30,2,6,26,14.4,3.7,3.2,3.7,4.5,4.4,3.7,3.0,3.0,3.3,3.6,2.9,2.8,1.9,1.7,0.9,0.7,0.7,4.5,228,20,358,23,13,77,164,1239,349,971,3621,57,122,3.5,3.3,3.9,4.8,4.6,3.2,2.8,3.0,3.1,2.7,2.4,2.4,1.4,1.0,0.7,0.5,0.3,4.3,9.6,12.1,14.1,16.6,19.8,37.4,93.0,54.4,50.9,44.2,71.5,14.9,5.6,98,5.8,141411,139286,-0.02,27.4,26.4,25.1,20.9,6.3
19,Bronx CD 8,5461,45263,10,5,6,19,8.8,2.4,2.2,3.3,3.8,3.9,3.5,3.0,3.4,3.1,3.2,3.3,3.4,3.0,2.2,2.1,1.5,2.6,3.4,189,11,161,49,13,60,141,3067,286,552,4998,38,431,2.7,2.7,3.3,3.8,3.5,2.9,2.9,2.9,3.0,2.6,2.8,2.2,2.7,1.6,1.3,1.0,1.0,4.0,19.0,12.1,14.1,40.3,19.8,37.4,96.9,46.6,50.9,44.2,48.8,12.0,4.4,92,32.3,101332,101731,0.0,15.8,21.1,25.1,20.9,6.3
20,Bronx CD 9,13464,66385,14,4,8,41,9.5,3.4,2.9,4.1,4.3,3.7,3.8,3.2,3.5,3.0,3.7,3.3,3.1,2.4,1.8,1.6,0.9,0.9,3.4,275,70,310,44,33,187,154,6227,110,3154,11013,57,392,3.2,3.2,3.9,4.1,3.6,3.0,2.4,3.4,3.9,2.8,2.5,2.3,1.6,1.3,1.0,0.6,0.4,3.9,12.5,12.1,14.1,17.4,19.8,37.4,95.1,48.9,50.9,44.2,58.4,28.7,7.4,86,2.9,167859,172298,0.03,27.6,24.5,25.1,20.9,6.3
21,Bronx CD 10,20159,49936,11,5,5,23,9.2,2.4,2.7,2.9,3.8,3.2,3.7,3.0,3.7,2.6,3.8,3.4,3.8,3.1,2.7,2.5,1.7,2.4,2.9,376,94,379,67,52,223,142,11174,56,1862,15224,65,734,3.0,2.6,3.4,2.7,2.6,2.9,3.6,3.0,2.8,3.3,2.7,3.1,2.4,1.9,1.3,1.1,0.7,2.6,19.9,12.1,14.1,27.9,19.8,37.4,97.7,38.2,50.9,44.2,39.4,27.8,3.0,51,27.5,115948,120392,0.04,14.0,19.4,25.1,20.9,6.3
22,Bronx CD 11,15207,52668,38,3,1,22,8.1,2.9,3.0,3.3,4.4,3.8,3.6,3.7,3.0,3.0,3.4,3.2,3.0,2.4,1.6,1.5,1.4,1.7,2.8,330,67,398,14,21,172,135,9211,158,1711,12718,124,377,3.0,3.4,2.9,4.3,3.6,3.3,3.6,3.1,3.3,3.3,3.0,2.3,2.0,1.3,1.1,0.7,0.7,3.4,14.4,12.1,14.1,24.8,19.8,37.4,95.4,49.0,50.9,44.2,47.0,21.4,7.8,86,21.7,110706,113232,0.02,20.6,22.3,25.1,20.9,6.3
23,Bronx CD 12,24542,55401,20,4,1,28,13.6,3.0,3.5,4.3,4.6,3.7,3.4,3.3,4.0,2.9,3.8,3.8,3.4,2.3,1.8,1.8,1.0,1.0,3.2,401,142,488,26,49,306,245,14386,108,3568,20656,173,764,3.3,3.1,3.9,3.7,2.6,2.6,3.0,3.1,2.8,3.2,2.8,2.5,1.9,1.3,0.9,0.6,0.5,3.1,13.2,12.1,14.1,23.4,19.8,37.4,93.8,52.6,50.9,44.2,23.4,64.8,3.1,67,6.3,149077,152344,0.02,20.9,22.3,25.1,20.9,6.3
24,Brooklyn CD 1,16461,90331,26,4,11,32,12.7,2.5,2.1,3.4,7.5,6.5,4.6,2.9,2.1,2.9,2.0,2.2,2.2,1.8,1.0,1.0,0.8,0.9,3.9,458,1159,2854,90,260,374,342,2540,453,5897,14933,138,368,2.6,2.4,2.7,6.7,7.3,5.1,3.1,2.4,2.9,2.1,2.0,2.0,1.7,0.7,0.7,0.3,0.5,4.4,9.6,13.2,14.1,49.6,36.5,37.4,89.6,40.2,45.4,44.2,22.9,4.5,7.0,97,63.0,160338,173083,0.08,15.5,22.0,23.1,20.9,4.4
25,Brooklyn CD 2,8646,72520,32,4,15,30,14.9,1.9,2.5,3.8,6.1,6.7,5.0,3.8,3.4,2.4,2.8,2.4,2.7,2.3,1.5,1.1,0.9,1.0,3.2,302,151,1235,109,36,137,247,2481,257,2929,8146,69,193,2.1,2.2,2.8,5.5,6.0,4.7,3.6,3.3,2.4,2.2,2.2,2.2,1.5,0.8,0.7,0.5,0.5,3.4,10.7,13.2,14.1,62.9,36.5,37.4,94.8,31.2,45.4,44.2,14.6,25.1,9.3,99,46.4,98620,99617,0.01,11.0,17.9,23.1,20.9,4.4
26,Brooklyn CD 3,17077,72019,31,3,8,38,18.5,3.1,3.0,4.3,6.3,4.7,3.9,3.0,2.9,3.2,3.0,3.1,2.3,1.8,1.4,1.3,0.9,0.6,4.1,228,164,1500,37,50,232,365,6844,223,6521,16902,43,695,3.3,2.9,3.8,5.7,4.4,3.3,2.6,2.7,3.5,2.5,2.2,1.7,1.5,1.1,0.7,0.4,0.3,4.4,10.1,13.2,14.1,33.8,36.5,37.4,89.4,45.1,45.4,44.2,19.0,49.5,3.2,95,26.0,143867,152985,0.06,21.2,25.3,23.1,20.9,4.4
27,Brooklyn CD 4,11554,44761,24,2,5,28,12.3,2.6,2.6,5.5,7.0,5.0,3.7,2.8,2.5,2.8,2.7,2.4,2.2,1.7,1.5,0.9,0.8,0.6,3.0,218,151,1190,100,60,203,181,4026,98,4673,11182,55,227,2.8,2.7,5.3,8.1,5.7,4.0,3.1,2.4,3.0,2.5,2.1,1.4,1.2,1.0,0.6,0.5,0.2,3.1,9.1,13.2,14.1,29.0,36.5,37.4,90.5,47.2,45.4,44.2,55.3,18.4,5.1,88,18.9,104358,112634,0.08,24.8,20.5,23.1,20.9,4.4
28,Brooklyn CD 5,23514,66644,31,4,5,47,21.6,3.3,3.1,4.0,4.2,4.1,3.6,3.4,4.0,3.8,3.8,3.2,3.0,2.2,1.8,1.1,0.9,1.0,4.0,305,383,1272,80,174,529,352,12588,54,4165,20979,188,889,3.4,3.3,3.4,3.7,3.2,2.9,2.6,2.6,3.7,3.2,2.8,2.3,1.5,1.1,0.8,0.5,0.5,3.9,11.5,13.2,14.1,14.8,36.5,37.4,89.9,49.7,45.4,44.2,37.9,52.1,4.1,85,3.7,173198,182896,0.06,28.7,25.9,23.1,20.9,4.4
29,Brooklyn CD 6,14220,55680,18,4,8,24,7.8,1.9,1.8,2.4,5.3,6.7,5.6,4.3,3.5,3.2,2.8,2.6,2.3,2.0,1.5,0.9,0.9,0.7,4.0,238,529,1674,38,126,230,172,4570,124,5591,13799,101,406,2.4,1.8,1.3,4.1,5.8,5.2,4.4,3.9,2.7,2.7,2.4,2.0,1.5,1.3,0.7,0.5,0.3,4.3,10.4,13.2,14.1,73.0,36.5,37.4,95.9,28.8,45.4,44.2,16.3,7.2,7.0,94,64.1,104054,104709,0.01,9.6,21.2,23.1,20.9,4.4
30,Brooklyn CD 7,14476,41988,32,2,4,21,8.3,2.7,2.4,3.0,4.9,4.6,4.2,3.4,3.4,3.4,3.2,2.4,2.4,1.9,1.2,1.0,0.9,0.8,4.0,241,616,1581,38,43,134,165,6365,85,3725,13315,145,177,3.2,2.3,2.8,5.0,5.0,4.5,3.8,3.3,3.7,3.3,2.6,2.2,1.8,1.1,0.8,0.6,0.3,4.0,10.3,13.2,14.1,29.6,36.5,37.4,92.6,48.1,45.4,44.2,39.8,2.6,31.3,87,24.4,120063,126230,0.05,27.9,24.0,23.1,20.9,4.4
31,Brooklyn CD 8,8333,49030,15,1,4,16,8.7,2.5,2.4,3.8,6.4,5.7,4.4,3.5,3.3,2.4,3.7,3.2,2.7,2.3,1.6,1.2,0.7,1.1,3.1,118,100,1037,13,43,133,207,2724,189,3161,8029,68,236,2.3,2.5,3.9,5.5,4.7,3.7,3.2,2.9,2.6,2.3,2.5,2.2,1.7,1.1,0.7,0.5,0.4,3.3,11.3,13.2,14.1,41.2,36.5,37.4,89.9,42.9,45.4,44.2,12.0,58.3,3.8,92,22.3,96076,96317,0.0,20.4,19.3,23.1,20.9,4.4
32,Brooklyn CD 9,8640,41084,21,2,3,21,9.5,3.1,2.8,3.3,5.8,4.7,3.8,2.9,3.5,2.5,3.2,3.4,3.2,2.7,2.1,1.5,1.2,1.2,3.3,105,19,804,7,23,50,164,4193,202,1267,6966,25,107,2.8,2.9,3.5,5.3,4.7,3.2,2.7,2.4,2.9,2.5,2.4,2.4,1.7,1.3,0.9,0.6,0.5,2.9,13.8,13.2,14.1,32.4,36.5,37.4,91.2,47.6,45.4,44.2,8.4,64.3,1.9,91,22.8,104014,98429,-0.05,20.8,21.4,23.1,20.9,4.4
33,Brooklyn CD 10,24076,53442,15,4,7,15,6.1,2.6,2.5,2.7,3.8,4.0,3.6,3.3,3.2,2.6,3.7,3.4,3.3,2.8,2.0,1.5,1.3,1.8,3.1,272,40,1838,29,17,86,147,11686,172,2580,17084,75,142,2.5,2.2,2.7,4.2,4.2,3.2,3.2,3.3,2.7,3.5,3.4,3.1,2.3,1.8,1.3,0.9,0.7,3.3,16.6,13.2,14.1,41.8,36.5,37.4,97.5,43.4,45.4,44.2,16.6,2.1,24.4,81,54.6,122542,124491,0.02,19.0,19.6,23.1,20.9,4.4
34,Brooklyn CD 11,29344,68671,9,2,2,21,5.4,2.4,2.3,2.8,3.8,3.9,3.5,3.6,3.4,2.7,3.5,3.3,3.1,2.6,1.7,1.4,1.4,1.7,3.5,410,125,1810,15,15,90,137,12791,127,6048,21821,103,150,3.1,2.4,2.9,3.9,3.9,3.7,3.4,3.2,3.1,3.4,3.3,2.8,2.4,1.3,1.3,0.9,0.9,3.4,15.6,13.2,14.1,30.5,36.5,37.4,93.9,49.9,45.4,44.2,15.9,1.0,40.8,64,40.2,172129,181981,0.06,22.5,21.3,23.1,20.9,4.4
35,Brooklyn CD 12,24326,62366,25,3,4,20,5.5,4.8,3.5,3.1,3.5,3.1,2.9,2.7,2.2,4.6,1.8,2.0,2.4,2.5,1.2,1.0,1.0,1.3,6.0,444,227,2054,22,35,124,501,10194,214,5052,19342,162,313,4.8,3.9,3.4,3.4,3.6,3.1,2.8,2.1,5.1,2.2,2.1,2.4,2.0,1.1,0.8,0.5,0.7,6.6,12.1,13.2,14.1,28.5,36.5,37.4,85.1,60.3,45.4,44.2,10.3,2.1,14.3,74,71.1,185046,191382,0.03,27.2,36.8,23.1,20.9,4.4
36,Brooklyn CD 13,7998,47740,16,3,6,21,8.1,2.4,2.6,2.5,2.9,3.1,3.0,3.2,3.2,2.7,3.4,3.5,3.9,4.0,2.8,3.0,2.0,2.6,3.1,244,57,431,76,44,184,118,3527,190,1428,6767,89,379,2.9,2.3,2.6,3.9,2.5,2.7,2.3,2.7,2.7,3.0,3.1,2.9,3.0,1.8,2.0,1.4,1.2,3.2,23.9,13.2,14.1,38.6,36.5,37.4,94.5,45.2,45.4,44.2,17.3,10.7,13.0,95,55.9,106120,104278,-0.02,24.4,19.9,23.1,20.9,4.4
37,Brooklyn CD 14,16651,62935,23,4,1,20,7.2,3.3,2.8,3.9,4.4,4.2,3.5,3.5,3.0,3.6,3.1,3.2,3.2,2.4,1.5,1.5,0.8,1.3,4.0,342,17,1211,11,12,60,243,7828,539,1228,11700,79,130,3.3,3.2,3.3,3.9,3.6,3.6,3.0,2.6,3.3,2.6,2.5,2.5,2.0,1.4,0.9,0.7,0.5,4.0,13.1,13.2,14.1,38.0,36.5,37.4,92.4,48.6,45.4,44.2,15.0,30.6,10.7,59,40.8,168806,160664,-0.05,21.5,25.1,23.1,20.9,4.4
38,Brooklyn CD 15,30173,65153,18,6,6,19,7.0,2.6,2.3,2.5,3.9,3.3,3.4,2.9,3.1,3.0,3.3,3.8,3.6,3.1,2.3,1.6,1.2,2.0,3.4,657,35,1214,51,85,167,252,17713,289,2162,23367,71,671,3.0,2.6,3.1,3.6,3.3,3.0,3.0,2.9,3.0,3.0,3.1,3.3,2.9,1.7,1.4,0.9,1.1,3.8,18.3,13.2,14.1,40.2,36.5,37.4,94.2,47.0,45.4,44.2,9.9,4.1,17.6,76,65.5,160319,159650,0.0,18.6,22.0,23.1,20.9,4.4
39,Brooklyn CD 16,8583,37514,16,3,11,32,12.4,3.3,3.1,3.5,5.3,4.1,4.3,4.1,3.8,3.2,4.2,3.4,3.3,2.4,1.6,1.3,1.2,0.9,3.5,216,136,621,66,61,156,210,3741,68,2396,8146,97,378,3.5,3.3,3.6,4.0,3.0,2.8,2.2,2.6,3.3,2.7,2.7,1.8,1.6,1.1,0.9,0.2,0.4,3.7,11.5,13.2,14.1,14.4,36.5,37.4,86.9,55.2,45.4,44.2,22.4,72.1,1.4,99,2.6,85343,86468,0.01,29.4,24.4,23.1,20.9,4.4
40,Brooklyn CD 17,24919,59241,18,3,4,25,10.9,3.0,3.2,3.5,4.2,4.1,3.4,3.9,3.9,2.8,3.8,3.9,3.6,3.1,2.3,1.8,1.3,1.3,2.6,290,182,1138,16,61,150,259,11847,154,3802,18258,137,222,2.8,2.8,3.4,3.5,3.1,2.6,3.3,2.7,3.0,3.0,2.5,2.4,1.9,1.8,1.1,0.8,0.5,3.1,15.9,13.2,14.1,24.8,36.5,37.4,94.2,48.5,45.4,44.2,7.6,86.6,1.3,61,2.7,165753,155252,-0.06,19.5,21.2,23.1,20.9,4.4
41,Brooklyn CD 18,44821,65681,11,5,8,28,7.2,3.4,3.0,3.3,3.8,3.6,3.3,3.6,3.5,3.1,3.8,4.0,3.9,3.2,2.0,1.3,1.0,1.3,3.0,554,143,858,50,105,198,230,30334,38,2402,35621,172,537,3.3,3.3,3.1,3.3,3.0,2.9,2.9,2.8,3.0,2.8,3.1,2.9,2.4,1.5,1.0,0.6,0.6,3.4,14.9,13.2,14.1,31.8,36.5,37.4,93.4,41.9,45.4,44.2,8.6,61.9,5.0,77,22.7,194653,193543,-0.01,14.6,23.4,23.1,20.9,4.4
42,Queens CD 1,24737,89164,19,4,10,27,10.9,1.7,1.8,3.4,7.5,6.5,4.2,2.9,2.8,1.8,3.0,2.8,2.4,2.4,1.7,1.3,1.0,1.2,2.2,653,816,1738,56,56,376,195,8243,216,6406,19400,253,392,1.9,1.8,3.1,7.1,6.3,4.9,3.3,3.2,2.0,2.7,2.5,2.3,1.7,1.4,1.1,0.6,0.6,2.6,13.0,14.8,14.1,46.4,31.5,37.4,96.0,37.4,46.2,44.2,26.6,6.7,15.5,63,48.3,211220,191105,-0.1,18.1,14.5,20.3,20.9,4.0
43,Queens CD 2,12197,69354,6,3,7,20,6.9,1.8,2.1,2.4,5.0,5.1,4.6,4.0,3.1,2.3,2.8,3.0,2.5,2.2,1.6,1.4,0.9,0.9,2.8,423,875,714,58,61,398,140,4734,199,2604,10767,208,353,2.4,1.7,2.7,4.9,5.3,5.6,5.3,4.2,2.2,3.4,2.9,2.6,2.0,1.4,1.1,0.6,0.3,2.7,12.5,14.8,14.1,39.9,31.5,37.4,93.5,42.7,46.2,44.2,31.7,1.5,35.4,77,28.9,109920,113200,0.03,18.8,16.8,20.3,20.9,4.0
44,Queens CD 3,19330,53359,10,4,3,13,8.4,2.7,2.5,3.0,3.9,4.2,3.9,3.4,3.2,2.9,2.9,2.7,2.5,2.3,2.0,1.1,1.1,1.1,3.7,450,22,816,20,20,111,146,9207,197,3400,14658,44,225,3.2,2.5,3.1,4.1,4.8,4.7,4.4,3.9,2.8,3.4,3.1,1.9,1.8,1.1,1.0,0.5,0.6,3.7,12.7,14.8,14.1,20.3,31.5,37.4,94.3,53.4,46.2,44.2,66.6,5.0,16.5,71,10.4,169083,171576,0.01,24.0,22.2,20.3,20.9,4.0
45,Queens CD 4,14718,54150,8,2,9,19,8.6,3.0,2.3,3.2,4.2,3.9,3.6,3.5,3.1,3.1,3.0,3.0,3.1,2.2,1.6,1.4,0.9,1.0,3.4,389,63,853,25,10,134,126,4923,192,4917,11916,70,214,3.0,3.0,3.4,4.7,4.7,3.9,4.0,3.6,3.2,3.3,2.7,2.7,1.7,1.4,0.9,0.5,0.4,3.3,12.1,14.8,14.1,22.1,31.5,37.4,95.4,54.7,46.2,44.2,52.7,6.4,32.8,76,6.2,167005,172598,0.03,25.6,22.6,20.3,20.9,4.0
46,Queens CD 5,41317,66649,7,4,7,21,7.2,3.3,2.5,2.9,3.9,4.2,4.4,3.1,3.7,2.8,3.3,3.4,3.1,2.2,1.4,1.4,1.1,1.2,3.2,340,584,1807,85,77,437,171,21402,19,5893,31468,164,489,2.7,2.9,3.2,4.0,4.1,4.0,3.4,3.5,3.3,3.6,3.4,2.6,1.8,1.2,0.9,0.5,0.6,3.2,12.4,14.8,14.1,28.4,31.5,37.4,95.7,40.2,46.2,44.2,36.7,1.4,8.5,74,51.7,165911,169190,0.02,16.8,21.9,20.3,20.9,4.0
47,Queens CD 6,14534,56013,7,3,5,13,4.4,1.9,1.5,1.8,3.8,4.3,4.4,3.8,3.4,3.0,3.2,4.2,3.8,3.4,2.7,2.0,1.9,2.2,2.9,255,2,381,13,6,108,94,8440,304,520,10321,43,155,1.8,1.3,1.8,3.3,4.3,3.3,3.3,3.0,2.2,2.8,3.7,3.1,3.0,1.7,1.5,1.0,0.9,3.6,20.5,14.8,14.1,57.2,31.5,37.4,98.9,42.4,46.2,44.2,15.5,3.1,29.7,79,47.7,115967,113257,-0.02,15.1,17.2,20.3,20.9,4.0
48,Queens CD 7,49005,97519,14,8,12,27,7.7,2.3,2.0,2.9,3.8,3.5,3.3,3.5,3.9,2.3,4.0,3.9,3.5,3.0,2.2,2.1,1.6,2.0,2.7,863,421,1343,100,96,354,320,27028,278,2969,34831,167,892,2.4,2.2,2.4,3.4,3.4,3.1,3.2,3.5,2.2,3.9,3.4,3.1,2.6,2.1,1.5,1.2,1.0,3.1,19.1,14.8,14.1,26.4,31.5,37.4,97.3,57.3,46.2,44.2,17.8,2.0,52.7,80,25.4,242952,247354,0.02,25.5,17.6,20.3,20.9,4.0
49,Queens CD 8,30258,59795,14,6,7,29,7.3,2.6,3.3,3.6,4.0,3.6,3.3,3.3,3.1,2.4,3.5,3.5,3.9,2.7,1.7,1.4,1.2,1.2,3.5,300,11,367,31,11,50,180,16886,123,1162,19383,40,222,2.6,3.2,3.5,3.5,3.9,2.7,3.2,3.0,3.0,2.7,3.6,2.9,2.3,1.7,1.1,0.9,0.7,3.4,14.9,14.8,14.1,39.6,31.5,37.4,98.0,47.5,46.2,44.2,19.8,11.9,34.2,64,29.9,146594,151107,0.03,20.8,20.6,20.3,20.9,4.0
50,Queens CD 9,29346,46326,10,2,3,19,4.8,2.5,3.0,3.7,4.0,3.4,3.4,3.5,3.6,2.7,3.6,3.6,3.0,2.4,1.7,1.1,0.7,1.0,3.1,334,181,1317,17,21,198,180,15332,99,2305,20415,167,264,3.2,3.2,3.7,4.5,3.8,3.4,3.3,3.8,3.1,3.3,3.2,2.8,1.9,1.4,0.9,0.5,0.5,3.4,12.1,14.8,14.1,27.0,31.5,37.4,95.1,47.7,46.2,44.2,42.6,5.5,26.2,72,18.0,141608,143317,0.01,21.5,21.8,20.3,20.9,4.0
51,Queens CD 10,37153,39302,6,4,4,19,8.4,3.1,2.9,4.0,3.8,3.2,3.1,3.4,3.7,2.5,3.8,4.1,3.2,2.7,1.7,1.5,0.9,1.2,2.7,376,57,833,120,45,228,121,21287,15,970,25143,180,911,3.3,3.0,3.2,3.8,3.0,3.0,3.3,3.4,2.3,4.0,3.7,3.2,2.1,1.4,1.3,0.7,0.6,3.1,14.1,14.8,14.1,22.4,31.5,37.4,95.9,50.1,46.2,44.2,25.8,14.1,23.7,58,21.5,127274,122396,-0.04,17.3,20.8,20.3,20.9,4.0
52,Queens CD 11,39568,45217,13,5,4,22,5.8,2.5,2.2,2.2,3.1,3.1,3.0,3.6,3.4,2.2,4.4,4.1,3.8,3.4,2.4,1.9,1.3,2.1,2.3,412,11,380,128,23,123,170,23037,22,953,25822,62,501,2.7,2.5,2.3,3.2,2.9,3.2,3.0,3.2,2.6,3.9,3.8,3.3,3.3,2.2,1.5,1.1,1.1,3.0,20.4,14.8,14.1,42.1,31.5,37.4,99.1,43.0,46.2,44.2,11.1,1.9,45.3,71,39.4,116404,116431,0.0,14.1,18.4,20.3,20.9,4.0
53,Queens CD 12,59188,78689,34,9,12,46,11.2,2.9,3.1,3.6,4.1,3.6,3.6,3.2,3.8,2.8,4.0,3.7,3.2,2.6,2.0,1.4,1.0,1.4,3.2,740,309,1391,54,138,418,492,34992,125,1234,41418,336,1189,3.5,3.0,3.5,4.2,3.4,3.0,2.8,3.0,2.7,3.5,3.1,2.7,1.9,1.2,0.9,0.5,0.5,3.3,13.3,14.8,14.1,21.4,31.5,37.4,94.9,46.9,46.2,44.2,15.9,61.8,12.6,76,1.8,223602,225919,0.01,19.0,22.4,20.3,20.9,4.0
54,Queens CD 13,70686,61032,9,6,6,34,7.8,2.6,2.8,3.3,3.9,3.3,3.2,3.2,3.7,2.6,4.3,3.9,3.7,2.8,2.4,1.7,1.3,1.5,3.0,530,165,669,55,47,291,240,39930,8,694,43681,166,886,2.8,2.8,3.4,3.6,3.4,3.0,2.7,2.9,2.7,3.4,3.4,3.1,2.2,2.1,1.2,0.7,0.6,2.8,16.6,14.8,14.1,29.8,31.5,37.4,97.5,43.5,46.2,44.2,12.5,55.7,15.3,39,10.9,196284,188593,-0.04,12.3,19.9,20.3,20.9,4.0
55,Queens CD 14,20866,46557,11,6,7,24,10.2,3.5,2.7,3.2,3.5,3.5,3.3,3.0,3.5,4.0,3.9,3.4,2.9,2.6,1.9,1.3,1.0,1.2,4.2,216,56,202,149,60,171,203,11046,98,1197,14960,153,1409,3.3,3.3,3.0,3.6,2.6,2.6,1.8,2.9,4.0,3.2,3.6,2.9,2.1,1.3,1.0,0.9,0.8,4.5,14.1,14.8,14.1,29.8,31.5,37.4,96.3,42.0,46.2,44.2,23.9,35.8,3.8,85,34.2,106686,114978,0.08,17.2,27.2,20.3,20.9,4.0
56,Staten Island CD 1,49193,66065,24,6,20,30,7.5,3.2,3.3,3.5,3.9,3.3,3.4,3.5,3.4,2.9,3.7,3.4,3.3,2.6,1.8,1.3,0.8,0.9,2.9,811,276,988,146,131,354,364,32857,66,1135,39363,399,1836,3.1,3.6,3.7,4.0,3.4,3.0,3.0,3.2,3.5,3.5,3.2,3.0,2.4,1.2,0.9,0.7,0.5,3.3,13.1,15.5,14.1,31.2,33.0,37.4,96.6,50.5,46.5,44.2,29.7,21.3,8.5,65,37.7,162609,175756,0.08,21.2,23.1,22.0,20.9,2.8
57,Staten Island CD 2,40253,49180,19,3,4,22,4.4,3.1,2.8,2.9,3.4,3.2,3.1,3.3,3.7,3.0,3.9,3.7,3.6,2.9,2.2,1.6,1.3,1.8,2.9,741,96,374,169,52,162,196,30099,21,516,34931,158,2347,2.9,2.8,2.7,3.5,3.3,2.5,3.4,3.4,3.2,3.4,3.3,3.3,2.6,1.8,1.2,0.8,0.7,2.8,16.9,15.5,14.1,33.6,33.0,37.4,98.9,43.1,46.5,44.2,13.9,4.1,13.8,70,66.1,127071,132003,0.04,14.9,21.5,22.0,20.9,2.8
58,Staten Island CD 3,52340,61414,1,4,7,20,2.6,3.4,2.8,3.0,3.1,3.0,2.9,3.5,3.8,2.5,3.9,3.9,3.5,2.8,2.7,1.8,1.0,1.3,2.7,463,137,299,895,129,161,158,44409,4,192,50434,223,3364,3.1,3.1,3.0,3.1,2.9,3.0,3.5,3.5,3.1,3.6,3.5,3.1,2.5,2.1,1.3,0.8,0.6,2.7,16.8,15.5,14.1,34.1,33.0,37.4,99.0,40.8,46.5,44.2,10.2,1.1,4.5,60,82.9,152908,160209,0.05,12.3,21.4,22.0,20.9,2.8
